0.0000000000000000e+00 0.0000000000000000e+00 2.0000000000000000e+00 2.0000000000000000e+00 2.0000000000000000e+00
1.0000000000000001e-01 4.2756068988035779e-02 1.9096042631003567e+00 2.0252030053103725e+00 2.3959315417791776e+00
2.0000000000000001e-01 8.7308627422381505e-02 1.8200783505431939e+00 2.0399211190319804e+00 2.7670239317848777e+00
2.9999999999999999e-01 1.3274622411923831e-01 1.7309974705695343e+00 2.0450157692760680e+00 3.1153958447545582e+00
4.0000000000000002e-01 1.7823489916808266e-01 1.6419426141467606e+00 2.0410676315098337e+00 3.4428696218430459e+00
5.0000000000000000e-01 2.2298282004260292e-01 1.5525139258271416e+00 2.0284208826258157e+00 3.7511846038911707e+00
5.9999999999999998e-01 2.6621039951984082e-01 1.4623418580552634e+00 2.0072197919407198e+00 4.0421577875329957e+00
7.0000000000000007e-01 3.0712486569057523e-01 1.3710989547811545e+00 1.9774389557886132e+00 4.3178153091695473e+00
8.0000000000000004e-01 3.4489867287922060e-01 1.2785143859411958e+00 1.9389084873742410e+00 4.5805104350653476e+00
8.9999999999999991e-01 3.7654152948060998e-01 1.1903581470049800e+00 1.8919190526091618e+00 4.8205499296257575e+00
1.0000000000000000e+00 3.9990918113552748e-01 1.1132057700067239e+00 1.8378612154481602e+00 5.0293469071317176e+00
1.1000000000000001e+00 4.1581270790772101e-01 1.0474979037846999e+00 1.7786657510133190e+00 5.2111734155797267e+00
1.2000000000000000e+00 4.2546444087643087e-01 9.9342241944401577e-01 1.7161796110389624e+00 5.3698987170658219e+00
1.3000000000000000e+00 4.3031254684227277e-01 9.5083674923369976e-01 1.6521241831681486e+00 5.5089449807774153e+00
1.4000000000000001e+00 4.3187115134792120e-01 9.1924147999376871e-01 1.5880491825549032e+00 5.6312730065320729e+00
1.5000000000000000e+00 4.3156837669593368e-01 8.9780823091201956e-01 1.5252925499362937e+00 5.7393964201367522e+00
1.6000000000000001e+00 4.3063147367848464e-01 8.8545095609298063e-01 1.4649537948011919e+00 5.8354188318562104e+00
1.7000000000000002e+00 4.3001912515615026e-01 8.8092148423933592e-01 1.4078842147268067e+00 5.9210857251715687e+00
1.7999999999999998e+00 4.3040031110492416e-01 8.8290880372819647e-01 1.3546935869489627e+00 5.9978423086674040e+00
1.8999999999999999e+00 4.3217077951902760e-01 8.9012592532783552e-01 1.3057701789280014e+00 6.0668899741943090e+00
2.0000000000000000e+00 4.3549410241886116e-01 9.0137513082740894e-01 1.2613096038995075e+00 6.1292364545134150e+00
2.1000000000000001e+00 4.4035431232754851e-01 9.1558917872179280e-01 1.2213479875419313e+00 6.1857373143629824e+00
2.2000000000000002e+00 4.4660975716580653e-01 9.3185087629340135e-01 1.1857956709418183e+00 6.2371284202956945e+00
2.3000000000000003e+00 4.5404141880358206e-01 9.4939591481213270e-01 1.1544687799437188e+00 6.2840502983769051e+00
2.3999999999999999e+00 4.6239229940565968e-01 9.6760442551565906e-01 1.1271170866670845e+00 6.3270658741321997e+00
2.5000000000000000e+00 4.7139699623333486e-01 9.8598608453746872e-01 1.1034474803844474e+00 6.3666731938741172e+00
2.6000000000000001e+00 4.8080215267040094e-01 1.0041624507412976e+00 1.0831429901175820e+00 6.4033145585259179e+00
2.7000000000000002e+00 4.9037925038540114e-01 1.0218490218702796e+00 1.0658776803587036e+00 6.4373832200233370e+00
2.8000000000000003e+00 4.9993143969412174e-01 1.0388384814340896e+00 1.0513279303446135e+00 6.4692284957587542e+00
2.8999999999999999e+00 5.0929601860582874e-01 1.0549858610387559e+00 1.0391806678973261e+00 6.4991598983073224e+00
3.0000000000000000e+00 5.1834393312523519e-01 1.0701958486219179e+00 1.0291391129317595e+00 6.5274506733368609e+00
3.1000000000000001e+00 5.2697738819332507e-01 1.0844121812886647e+00 1.0209265309198652e+00 6.5543409879175076e+00
3.2000000000000002e+00 5.3512638813783686e-01 1.0976089134301998e+00 1.0142884270799475e+00 6.5800409064422505e+00
3.3000000000000003e+00 5.4274479360605177e-01 1.1097832952808078e+00 1.0089935416885214e+00 6.6047332220249668e+00
3.4000000000000004e+00 5.4980629589971386e-01 1.1209499952133688e+00 1.0048339425414363e+00 6.6285761681925148e+00
3.5000000000000000e+00 5.5630056712685894e-01 1.1311364243063524e+00 1.0016244548029938e+00 6.6517060111989039e+00
3.5999999999999996e+00 5.6222973937141318e-01 1.1403789573692742e+00 9.9920162153924508e-01 6.6742395113861566e+00
3.7000000000000002e+00 5.6760529095377987e-01 1.1487198812098147e+00 9.9742234932410212e-01 6.6962762382613210e+00
3.7999999999999998e+00 5.7244536608093122e-01 1.1562049337697062e+00 9.9616236126830215e-01 6.7179007251504173e+00
3.9000000000000004e+00 5.7677252003403301e-01 1.1628813250930707e+00 9.9531455349452569e-01 6.7391844531777023e+00
4.0000000000000000e+00 5.8061186088253902e-01 1.1687961528090220e+00 9.9478732946913195e-01 6.7601876593706542e+00
4.0999999999999996e+00 5.8398954691203275e-01 1.1739951415965710e+00 9.9450296889736889e-01 6.7809609689113639e+00
4.2000000000000002e+00 5.8693159371673653e-01 1.1785216489259980e+00 9.9439607346302650e-01 6.8015468563422772e+00
4.2999999999999998e+00 5.8946294412767575e-01 1.1824158892107586e+00 9.9441212004841517e-01 6.8219809445714947e+00
4.4000000000000004e+00 5.9160675625884429e-01 1.1857143361994655e+00 9.9450614280562299e-01 6.8422931536917888e+00
4.5000000000000000e+00 5.9338386881936001e-01 1.1884492696526188e+00 9.9464155822976463e-01 6.8625087139415122e+00
4.6000000000000005e+00 5.9481240765637544e-01 1.1906484375740638e+00 9.9478914191748569e-01 6.8826490586885933e+00
4.6999999999999993e+00 5.9590750271616788e-01 1.1923348098457425e+00 9.9492616171705739e-01 6.9027326142470971e+00
4.7999999999999998e+00 5.9668108989078705e-01 1.1935264032759099e+00 9.9503566924937181e-01 6.9227755037907395e+00
4.9000000000000004e+00 5.9714177735371166e-01 1.1942361619641377e+00 9.9510595007861291e-01 6.9427921827572616e+00
5.0000000000000000e+00 5.9729476088745403e-01 1.1944718806056926e+00 9.9513013192850786e-01 6.9627960230743087e+00 

